34 14 20 33 34 32 36 34 Fine
40 11 23 43 34 30 41 43 Fine
32 8 17 49 30 30 41 43 Fine
33 10 26 50 26 30 48 34 Fine
37 4 27 41 16 39 45 34 Fine
29 14 26 34 9 34 47 41 Fine
36 12 33 38 10 31 39 34 Fine
29 9 27 48 8 31 29 28 Fine
27 19 29 54 13 40 34 25 Coarse
27 29 22 52 21 38 34 21 Coarse
23 20 24 44 27 40 39 26 Coarse
19 10 34 48 23 32 40 33 Coarse
11 8 40 38 22 27 47 31 Coarse
12 15 35 46 13 37 42 22 Coarse
12 16 41 44 12 47 32 21 Coarse
4 12 47 49 18 51 32 12 Coarse
11 9 38 50 13 50 24 12 Coarse
14 12 44 47 22 50 21 22 Coarse
17 22 44 48 28 40 13 29 Medium
17 16 42 52 19 49 16 26 Medium
9 15 51 51 18 57 6 30 Medium
15 10 42 51 27 51 15 35 Medium
15 7 42 59 22 57 15 32 Medium
24 2 42 68 29 67 23 42 Medium
22 6 48 65 37 58 26 40 Medium
27 13 43 64 32 54 36 45 Medium
17 5 49 66 32 53 31 43 Medium
16 11 42 59 22 55 40 43 Medium
19 15 34 49 13 49 34 53 Medium
19 15 25 53 21 50 34 61 Medium
